1.000000e-17
1.000000e-17
1.000000e-17
1.000000e-17
1.000000e-17
1.000000e-17
1.000000e-17
1.000000e-17
1.000000e-17
1.000000e-17
1.000000e-17
1.000000e-17
1.000000e-17
1.000000e-17
1.000000e-17
1.000000e-17
1.000000e-17
1.000000e-17
1.000000e-17
1.000000e-17
1.000000e-17
1.000000e-17
1.000000e-17
1.000000e-17
1.000000e-17
1.000000e-17
1.000000e-17
1.000000e-17
1.000000e-17
1.000000e-17
1.000000e-17
1.000000e-17
1.000000e-17
1.000000e-17
1.000000e-17
1.000000e-17
1.000000e-17
1.000000e-17
1.000000e-17
1.000000e-17
1.000000e-17
1.000000e-17
1.000000e-17
1.000000e-17
1.000000e-17
1.000000e-17
1.000000e-17
1.000000e-17
1.000000e-17
1.000000e-17
1.000000e-17
1.000000e-17
1.000000e-17
1.000000e-17
1.000000e-17
1.000000e-17
1.000000e-17
1.000000e-17
1.000000e-17
1.000000e-17
1.000000e-17
1.000000e-17
1.000000e-17
1.000000e-17
1.000000e-17
1.000000e-17
1.000000e-17
1.000000e-17
1.000000e-17
1.000000e-17
1.000000e-17
1.000000e-17
1.000000e-17
1.000000e-17
1.000000e-17
1.000000e-17
1.000000e-17
1.000000e-17
1.000000e-17
1.000000e-17
1.000000e-17
