1.207159e-11   -1.012454e-16
2.070611e-11   -8.006104e-17
1.230463e-11   -8.654426e-17
2.914590e-11   -4.171124e-16
4.028788e-11   -4.821175e-16
2.942722e-11   -9.537535e-17
2.145722e-11   -8.307678e-17
2.288263e-11   -1.199151e-16
2.357281e-11   -1.649932e-16
2.290404e-11   -1.480992e-16
2.573535e-11   -4.426841e-16
2.717128e-11   -3.487638e-16
2.882687e-11   -3.761775e-16
2.940170e-11   -1.435723e-16
2.824424e-11   -1.284173e-16
3.187480e-11   -1.430120e-16
3.408776e-11   3.466590e-18
3.528434e-11   -1.846114e-17
3.598036e-11   -2.952015e-16
3.857172e-11   -2.415522e-16
4.586371e-11   -1.179196e-16
4.834918e-11   6.537592e-16
5.147145e-11   8.365412e-18
5.614100e-11   4.008315e-16
6.234239e-11   -7.961057e-17
6.818848e-11   -1.350217e-16
7.620495e-11   -2.333352e-16
7.884528e-11   5.691678e-17
7.583821e-11   7.554085e-16
8.058031e-11   6.018322e-16
8.275654e-11   2.015528e-15
7.778502e-11   1.722462e-15
9.863541e-11   1.284778e-14
-2.460207e-10   6.249399e-14
-1.367321e-10   -3.051558e-15
2.959805e-10   -4.949570e-14
1.864777e-10   -9.218437e-15
8.851425e-11   2.785435e-15
6.454173e-11   7.554387e-15
4.073422e-11   1.141184e-14
4.759971e-11   3.569560e-15
3.588979e-11   1.208807e-14
2.796804e-11   1.787665e-14
2.062769e-12   3.816011e-14
-5.573148e-11   4.972227e-14
3.155936e-11   6.552336e-15
2.126240e-11   1.728278e-14
-1.368893e-10   2.603659e-14
-1.942521e-10   6.537134e-15
-2.826051e-10   3.528728e-15
-2.953595e-10   7.040461e-16
-8.697283e-11   -4.765167e-16
2.090068e-11   2.265702e-16
-3.244364e-11   4.380478e-16
2.075928e-11   2.227752e-16
6.138975e-11   -4.254594e-17
1.519995e-10   -3.024028e-16
2.279473e-10   -9.829550e-17
2.159245e-10   4.263313e-16
1.002741e-10   1.879715e-15
-1.952929e-11   1.781271e-15
6.597692e-12   9.984827e-16
2.551462e-11   6.176789e-16
1.103702e-10   3.581324e-16
1.008784e-10   5.942990e-16
8.109566e-11   6.214173e-16
5.611039e-11   6.546469e-16
4.874535e-11   5.473153e-16
7.827465e-11   4.179963e-16
6.666907e-11   4.375706e-16
7.758432e-11   3.958535e-16
5.533863e-11   4.175831e-16
6.617594e-11   3.591147e-16
6.098712e-11   3.774992e-16
3.279969e-11   4.263358e-16
3.123852e-11   3.280685e-16
6.911858e-11   2.508264e-16
5.735442e-11   2.747493e-16
4.118772e-11   2.583315e-16
8.549757e-11   1.435343e-16
1.223326e-10   9.420409e-17
8.364947e-11   1.699248e-16
6.353368e-11   1.556646e-16
6.463461e-11   9.944604e-17
3.697054e-11   1.444607e-16
3.993789e-11   1.072479e-16
5.813874e-13   2.606196e-16
4.336273e-11   4.764954e-17
2.694749e-11   1.320439e-16
3.076093e-12   2.043064e-16
4.783881e-11   1.087847e-18
2.215461e-11   1.128342e-16
2.070114e-11   1.126036e-16
-9.199611e-12   2.268025e-16
2.951930e-12   1.472582e-16
2.147080e-11   6.311664e-17
1.519077e-11   5.903292e-17
1.124147e-11   4.547024e-17
8.332902e-12   3.360102e-17
7.386599e-12   2.632143e-17
5.962827e-12   2.423411e-17
4.826769e-12   1.866313e-17
3.977629e-12   1.335849e-17
3.447390e-12   9.552993e-18
3.169313e-12   6.943674e-18
2.894503e-12   5.126002e-18
2.406091e-12   3.538687e-18
2.019875e-12   2.795308e-18
1.463357e-12   1.943567e-18
8.325206e-13   1.017769e-18
5.124088e-13   4.070005e-19
1.739768e-13   1.167165e-19
0.000000e+00   0.000000e+00
