 100
1.000000e-01   1.421980e-03   1.253230e-10   1.047426e-02   4.808783e-09
1.123324e-01   1.551153e-03   1.846269e-10   8.836866e-03   7.305638e-09
1.261857e-01   1.673572e-03   2.858340e-10   1.154488e-02   1.281616e-08
1.417474e-01   1.853231e-03   4.852755e-10   1.840446e-02   2.364750e-08
1.592283e-01   2.174956e-03   8.986541e-10   2.804296e-02   4.284426e-08
1.788650e-01   2.725627e-03   1.739973e-09   3.866880e-02   7.455658e-08
2.009233e-01   3.578597e-03   3.384568e-09   4.879053e-02   1.245952e-07
2.257020e-01   4.787561e-03   6.471872e-09   5.735327e-02   2.003504e-07
2.535364e-01   6.383960e-03   1.204852e-08   6.345771e-02   3.096314e-07
2.848036e-01   8.368101e-03   2.172981e-08   6.635485e-02   4.604287e-07
3.199267e-01   1.069869e-02   3.790150e-08   6.605245e-02   6.665404e-07
3.593814e-01   1.330477e-02   6.419962e-08   6.399422e-02   9.634337e-07
4.037017e-01   1.614101e-02   1.068994e-07   6.292559e-02   1.432546e-06
4.534879e-01   1.927383e-02   1.782202e-07   6.571279e-02   2.224911e-06
5.094138e-01   2.294889e-02   3.026505e-07   7.387270e-02   3.575546e-06
5.722368e-01   2.758979e-02   5.272769e-07   8.688430e-02   5.813219e-06
6.428073e-01   3.372126e-02   9.375189e-07   1.027273e-01   9.389774e-06
7.220809e-01   4.186482e-02   1.681880e-06   1.191572e-01   1.496227e-05
8.111308e-01   5.247576e-02   3.014269e-06   1.347774e-01   2.354725e-05
9.111628e-01   6.595780e-02   5.369745e-06   1.493069e-01   3.674447e-05
1.023531e+00   8.273516e-02   9.498657e-06   1.631654e-01   5.703311e-05
1.149757e+00   1.033309e-01   1.669772e-05   1.769040e-01   8.817835e-05
1.291550e+00   1.284146e-01   2.920076e-05   1.908489e-01   1.358060e-04
1.450829e+00   1.588128e-01   5.083182e-05   2.050072e-01   2.082414e-04
1.629751e+00   1.954931e-01   8.809080e-05   2.192269e-01   3.179334e-04
1.830738e+00   2.395550e-01   1.519914e-04   2.336160e-01   4.842330e-04
2.056512e+00   2.922994e-01   2.613187e-04   2.490121e-01   7.385870e-04
2.310130e+00   3.554532e-01   4.486372e-04   2.670522e-01   1.132858e-03
2.595024e+00   4.315349e-01   7.713823e-04   2.895717e-01   1.750553e-03
2.915053e+00   5.242062e-01   1.331610e-03   3.175865e-01   2.720162e-03
3.274549e+00   6.383773e-01   2.309497e-03   3.505653e-01   4.231856e-03
3.678380e+00   7.799463e-01   4.018450e-03   3.867197e-01   6.566519e-03
4.132012e+00   9.553750e-01   6.997238e-03   4.244198e-01   1.015765e-02
4.641589e+00   1.171649e+00   1.217334e-02   4.637961e-01   1.570973e-02
5.214008e+00   1.437135e+00   2.116590e-02   5.071163e-01   2.438336e-02
5.857021e+00   1.763217e+00   3.684470e-02   5.575342e-01   3.805148e-02
6.579332e+00   2.165931e+00   6.432972e-02   6.174369e-01   5.967283e-02
7.390722e+00   2.666913e+00   1.127476e-01   6.879156e-01   9.391304e-02
8.302176e+00   3.293916e+00   1.983450e-01   7.695006e-01   1.482041e-01
9.326033e+00   4.081775e+00   3.500850e-01   8.630122e-01   2.344462e-01
1.047616e+01   5.074346e+00   6.197272e-01   9.696956e-01   3.716524e-01
1.176812e+01   6.327156e+00   1.099888e+00   1.091091e+00   5.902740e-01
1.321941e+01   7.910647e+00   1.956548e+00   1.229635e+00   9.398548e-01
1.484968e+01   9.915286e+00   3.488766e+00   1.390063e+00   1.502789e+00
1.668101e+01   1.246094e+01   6.240858e+00   1.580335e+00   2.417825e+00
1.873817e+01   1.571196e+01   1.121473e+01   1.810741e+00   3.917697e+00
2.104904e+01   1.989634e+01   2.026801e+01   2.091198e+00   6.386388e+00
2.364489e+01   2.532478e+01   3.684613e+01   2.427689e+00   1.044153e+01
2.656088e+01   3.240388e+01   6.729345e+01   2.818559e+00   1.704336e+01
2.983647e+01   4.163634e+01   1.231206e+02   3.251318e+00   2.762553e+01
3.351603e+01   5.359974e+01   2.247702e+02   3.701625e+00   4.424531e+01
3.764936e+01   6.889978e+01   4.076508e+02   4.136562e+00   6.977312e+01
4.229243e+01   8.810613e+01   7.316123e+02   4.522382e+00   1.081767e+02
4.750810e+01   1.116934e+02   1.295826e+03   4.833629e+00   1.649808e+02
5.336699e+01   1.400131e+02   2.262431e+03   5.058977e+00   2.479716e+02
5.994843e+01   1.733084e+02   3.894439e+03   5.201066e+00   3.681846e+02
6.734151e+01   2.117603e+02   6.616458e+03   5.271943e+00   5.412909e+02
7.564633e+01   2.555429e+02   1.111179e+04   5.288653e+00   7.897494e+02
8.497534e+01   3.048808e+02   1.847937e+04   5.271248e+00   1.146221e+03
9.545485e+01   3.601209e+02   3.049119e+04   5.239633e+00   1.657831e+03
1.072267e+02   4.218012e+02   5.000696e+04   5.203591e+00   2.388377e+03
1.204504e+02   4.906115e+02   8.158999e+04   5.147422e+00   3.412940e+03
1.353048e+02   5.670735e+02   1.322872e+05   5.021361e+00   4.800293e+03
1.519911e+02   6.508616e+02   2.123865e+05   4.753556e+00   6.585946e+03
1.707353e+02   7.399630e+02   3.358345e+05   4.283393e+00   8.749889e+03
1.917910e+02   8.301531e+02   5.200701e+05   3.599216e+00   1.122016e+04
2.154435e+02   9.152834e+02   7.854544e+05   2.757486e+00   1.391996e+04
2.420128e+02   9.885480e+02   1.155299e+06   1.871771e+00   1.686568e+04
2.718588e+02   1.044413e+03   1.658672e+06   1.078681e+00   2.031613e+04
3.053856e+02   1.080577e+03   2.339805e+06   4.985537e-01   2.497107e+04
3.430469e+02   1.099354e+03   3.280250e+06   2.062256e-01   3.220894e+04
3.853529e+02   1.108078e+03   4.642879e+06   2.182218e-01   4.433850e+04
4.328761e+02   1.118449e+03   6.749990e+06   4.961927e-01   6.484964e+04
4.862602e+02   1.144938e+03   1.021192e+07   9.636586e-01   9.872388e+04
5.462277e+02   1.202726e+03   1.613216e+07   1.530584e+00   1.529809e+05
6.135907e+02   1.305831e+03   2.643741e+07   2.117254e+00   2.376955e+05
6.892612e+02   1.466044e+03   4.442394e+07   2.668848e+00   3.676348e+05
7.742637e+02   1.692903e+03   7.567381e+07   3.156948e+00   5.644599e+05
8.697490e+02   1.994345e+03   1.295714e+08   3.571005e+00   8.592416e+05
9.770100e+02   2.377375e+03   2.217345e+08   3.907004e+00   1.295036e+06
1.097499e+03   2.848125e+03   3.777718e+08   4.160021e+00   1.929593e+06
1.232847e+03   3.411175e+03   6.389383e+08   4.323481e+00   2.838970e+06
1.384886e+03   4.068516e+03   1.070574e+09   4.393480e+00   4.123585e+06
1.555676e+03   4.818877e+03   1.774840e+09   4.373931e+00   5.918581e+06
1.747528e+03   5.658026e+03   2.910333e+09   4.278473e+00   8.409646e+06
1.963041e+03   6.580089e+03   4.722715e+09   4.127699e+00   1.185404e+07
2.205131e+03   7.579364e+03   7.592462e+09   3.943540e+00   1.660651e+07
2.477076e+03   8.651793e+03   1.210853e+10   3.744354e+00   2.315266e+07
2.782559e+03   9.795629e+03   1.918127e+10   3.543151e+00   3.215696e+07
3.125716e+03   1.101148e+04   3.021614e+10   3.348445e+00   4.453268e+07
3.511192e+03   1.230223e+04   4.738242e+10   3.165493e+00   6.153446e+07
3.944206e+03   1.367293e+04   7.402772e+10   2.996600e+00   8.487249e+07
4.430621e+03   1.513053e+04   1.153110e+11   2.841354e+00   1.168654e+08
4.977024e+03   1.668305e+04   1.791665e+11   2.698121e+00   1.606832e+08
5.590810e+03   1.833912e+04   2.777917e+11   2.566445e+00   2.207534e+08
6.280291e+03   2.010863e+04   4.299970e+11   2.448515e+00   3.033809e+08
7.054802e+03   2.200503e+04   6.649688e+11   2.348006e+00   4.175198e+08
7.924829e+03   2.404786e+04   1.028222e+12   2.265997e+00   5.753648e+08
8.902151e+03   2.626247e+04   1.590539e+12   2.195216e+00   7.919689e+08
1.000000e+04   2.867249e+04   2.460001e+12   0.000000e+00   0.000000e+00
