   611.23895475856750     
   493.19802619027263     
   452.12200991946207     
   434.34914090166319     
   429.42935385621990     
   433.75330357575308     
   452.48371085325891     
   492.92941850396647     
   612.80502586784417     
   301.07791763635709     
   302.52912430095739     
   301.48006378138956     
   301.37231412257387     
   301.82512340741476     
   301.17567455604160     
   301.56649218111522     
   301.75211076567700     
   302.39172477501063     
   234.57605007979751     
   234.37377209493044     
   233.97537163808096     
   233.88366758516875     
   233.69785720986889     
   234.31380450186109     
   233.69975541577742     
   234.59086435942476     
   234.00243317712011     
   196.67701873983924     
   196.08396323606829     
   196.81910842917824     
   196.04646868204927     
   196.26608483530410     
   196.04754485141595     
   196.73400738257530     
   196.35665188388552     
   197.41167681159945     
   170.96751320792049     
   171.48498669679569     
   171.55905920726934     
   172.15341824613017     
   171.90294516477400     
   172.24832239466849     
   172.06576450327782     
   172.27115735658845     
   171.49339633700740     
   153.57293486921301     
   154.15343871298447     
   153.68724895888170     
   153.78450791857912     
   154.07363331983069     
   154.03851306451048     
   153.96976417948363     
   153.75861516495428     
   153.58625146463976     
   139.10401989956145     
   139.44708365779300     
   139.60376078672502     
   139.82801357768241     
   139.99918216118155     
   139.82793568139789     
   139.73625066951101     
   140.02576964546384     
   139.53286719936963     
   128.84425111138680     
   128.36295433539988     
   128.73556874488483     
   128.28673440987126     
   128.57492578345406     
   128.45323180752106     
   128.44125641712574     
   128.89976669710126     
   129.26338376426972     
   117.26715770987899     
   118.56904671590659     
   118.47075904716580     
   118.48298425884788     
   118.49906995056978     
   118.08822344591354     
   118.43067096540199     
   118.79069339800566     
   118.44200818239661     
